N,RunID,GFLOPS
128,1,68.988965
128,2,81.445306
128,3,67.145748
128,4,79.602652
128,5,70.088391
128,6,77.158711
128,7,78.187494
128,8,72.395827
128,9,79.244081
128,10,78.888727
128,11,79.602652
128,12,80.698101
128,13,78.187494
128,14,80.329617
128,15,66.637068
128,16,81.824121
128,17,82.206477
128,18,79.964482
128,19,81.445306
128,20,78.536545
128,21,81.824121
128,22,79.602652
128,23,80.698101
128,24,77.841531
128,25,74.860366
128,26,82.982010
128,27,82.206477
128,28,80.698101
128,29,81.069982
128,30,76.487765
128,31,110.642680
128,32,82.982010
128,33,82.206477
128,34,81.445306
128,35,81.445306
128,36,81.445306
128,37,81.824121
128,38,77.841531
128,39,81.824121
128,40,78.187494
128,41,81.069982
128,42,79.244081
128,43,81.069982
128,44,75.502944
128,45,74.543161
128,46,110.642680
128,47,82.206477
128,48,79.602652
128,49,80.698101
128,50,79.602652
128,51,79.964482
128,52,77.158711
128,53,81.445306
128,54,82.206477
128,55,68.452086
128,56,75.502944
128,57,70.368744
128,58,76.821773
128,59,68.452086
128,60,75.502944
128,61,81.824121
128,62,78.536545
128,63,81.069982
128,64,79.244081
128,65,81.069982
128,66,81.824121
128,67,78.888727
128,68,78.536545
128,69,81.824121
128,70,81.069982
128,71,81.069982
128,72,78.888727
128,73,79.964482
128,74,80.329617
128,75,76.487765
128,76,72.694984
128,77,82.592423
128,78,72.996623
128,79,77.498617
128,80,75.828388
128,81,70.368744
128,82,77.841531
128,83,77.841531
128,84,77.841531
128,85,76.487765
128,86,81.445306
128,87,78.888727
128,88,71.512951
128,89,76.156650
128,90,81.069982
128,91,76.487765
128,92,77.841531
128,93,81.824121
128,94,81.824121
128,95,78.187494
128,96,82.592423
128,97,81.069982
128,98,75.180282
128,99,80.329617
128,100,81.824121
128,101,73.916748
128,102,82.206477
128,103,80.698101
128,104,78.888727
128,105,74.543161
128,106,79.244081
128,107,79.244081
128,108,77.498617
128,109,73.300775
128,110,77.498617
128,111,59.232950
128,112,58.640620
128,113,70.368744
128,114,62.383638
128,115,79.244081
128,116,76.156650
128,117,68.452086
128,118,67.662254
128,119,81.445306
128,120,67.662254
128,121,68.988965
128,122,76.156650
128,123,79.964482
128,124,77.158711
128,125,82.206477
128,126,74.228633
128,127,77.841531
128,128,66.136038
128,129,68.719477
128,130,81.069982
128,131,71.804841
128,132,69.534332
128,133,81.445306
128,134,79.964482
128,135,77.158711
128,136,81.445306
128,137,75.502944
128,138,79.244081
128,139,78.888727
128,140,72.694984
128,141,79.964482
128,142,76.487765
128,143,81.445306
128,144,72.996623
128,145,78.187494
128,146,77.841531
128,147,76.821773
128,148,70.651350
128,149,82.592423
128,150,76.487765
128,151,82.592423
128,152,81.445306
128,153,74.228633
128,154,72.996623
128,155,74.860366
128,156,80.698101
128,157,75.828388
128,158,66.136038
128,159,79.244081
128,160,71.804841
128,161,80.329617
128,162,79.244081
128,163,81.445306
128,164,81.824121
128,165,82.206477
128,166,78.536545
128,167,79.602652
128,168,77.158711
128,169,82.592423
128,170,78.888727
128,171,82.592423
128,172,77.841531
128,173,79.602652
128,174,81.824121
128,175,81.824121
128,176,82.592423
128,177,69.260575
128,178,81.069982
128,179,80.329617
128,180,82.206477
128,181,80.698101
128,182,72.099123
128,183,77.498617
128,184,73.607473
128,185,82.206477
128,186,60.041591
128,187,67.923498
128,188,72.099123
128,189,77.841531
128,190,76.487765
128,191,82.592423
128,192,82.592423
128,193,70.088391
128,194,82.206477
128,195,70.088391
128,196,82.592423
128,197,82.206477
128,198,82.206477
128,199,79.244081
128,200,82.592423
128,201,82.592423
128,202,81.445306
128,203,72.694984
128,204,77.158711
128,205,72.996623
128,206,80.329617
128,207,79.244081
128,208,76.821773
128,209,80.698101
128,210,66.136038
128,211,81.824121
128,212,77.498617
128,213,72.996623
128,214,82.206477
128,215,77.498617
128,216,74.228633
128,217,79.244081
128,218,81.824121
128,219,63.281245
128,220,60.662710
128,221,68.719477
128,222,60.662710
128,223,59.232950
128,224,70.368744
128,225,62.605644
128,226,61.944317
128,227,71.512951
128,228,74.543161
128,229,68.186768
128,230,79.964482
128,231,81.445306
128,232,79.964482
128,233,82.206477
128,234,65.642485
128,235,70.368744
128,236,66.136038
128,237,67.662254
128,238,81.069982
128,239,68.452086
128,240,77.158711
128,241,67.662254
128,242,111.342950
128,243,81.445306
128,244,81.824121
128,245,81.445306
128,246,78.536545
128,247,82.982010
128,248,78.536545
128,249,76.821773
128,250,78.187494
256,1,142.015629
256,2,167.146661
256,3,166.948385
256,4,154.148399
256,5,166.356369
256,6,165.964019
256,7,163.079361
256,8,150.844039
256,9,154.148399
256,10,161.026875
256,11,167.345408
256,12,159.385604
256,13,165.964019
256,14,165.768538
256,15,166.356369
256,16,166.948385
256,17,164.221107
256,18,165.378952
256,19,166.356369
256,20,166.948385
256,21,75.059994
256,22,106.862178
256,23,96.132164
256,24,149.561624
256,25,166.553241
256,26,154.148399
256,27,160.476041
256,28,168.749986
256,29,165.378952
256,30,144.346142
256,31,163.268548
256,32,164.412954
256,33,165.768538
256,34,160.842844
256,35,164.605250
256,36,166.356369
256,37,166.159963
256,38,158.132009
256,39,160.842844
256,40,166.948385
256,41,165.964019
256,42,160.476041
256,43,166.948385
256,44,159.566313
256,45,158.666841
256,46,158.845924
256,47,160.293267
256,48,159.747433
256,49,165.768538
256,50,167.544629
256,51,167.345408
256,52,166.750579
256,53,166.356369
256,54,152.809434
256,55,161.396202
256,56,166.553241
256,57,165.378952
256,58,164.412954
256,59,165.964019
256,60,120.494425
256,61,118.167497
256,62,156.374987
256,63,163.838752
256,64,165.573516
256,65,166.159963
256,66,166.750579
256,67,164.412954
256,68,161.396202
256,69,166.159963
256,70,166.948385
256,71,166.159963
256,72,164.991194
256,73,166.948385
256,74,162.890612
256,75,160.476041
256,76,166.356369
256,77,164.221107
256,78,162.139964
256,79,159.385604
256,80,164.991194
256,81,164.412954
256,82,163.458175
256,83,163.838752
256,84,165.964019
256,85,159.385604
256,86,164.029707
256,87,165.768538
256,88,166.356369
256,89,165.378952
256,90,163.838752
256,91,165.378952
256,92,166.948385
256,93,157.777453
256,94,164.605250
256,95,165.964019
256,96,167.544629
256,97,165.573516
256,98,166.356369
256,99,165.964019
256,100,167.544629
256,101,158.488163
256,102,166.159963
256,103,159.747433
256,104,166.948385
256,105,164.412954
256,106,159.747433
256,107,166.553241
256,108,133.653835
256,109,164.797996
256,110,164.221107
256,111,165.378952
256,112,166.159963
256,113,141.587010
256,114,145.540319
256,115,143.609682
256,116,166.553241
256,117,165.378952
256,118,166.750579
256,119,166.553241
256,120,167.146661
256,121,165.573516
256,122,164.412954
256,123,158.666841
256,124,163.268548
256,125,156.374987
256,126,165.964019
256,127,160.476041
256,128,166.750579
256,129,159.385604
256,130,165.964019
256,131,165.768538
256,132,166.159963
256,133,167.345408
256,134,158.845924
256,135,165.573516
256,136,166.948385
256,137,166.159963
256,138,165.573516
256,139,162.326976
256,140,165.768538
256,141,157.424484
256,142,165.378952
256,143,164.991194
256,144,162.890612
256,145,158.845924
256,146,166.553241
256,147,164.029707
256,148,159.566313
256,149,165.964019
256,150,159.747433
256,151,157.954532
256,152,155.168124
256,153,165.184845
256,154,165.573516
256,155,161.211327
256,156,160.842844
256,157,167.146661
256,158,164.991194
256,159,156.897980
256,160,166.750579
256,161,165.573516
256,162,165.964019
256,163,167.744325
256,164,165.378952
256,165,166.553241
256,166,167.146661
256,167,167.544629
256,168,158.309886
256,169,167.146661
256,170,164.991194
256,171,166.159963
256,172,167.345408
256,173,161.211327
256,174,166.356369
256,175,166.948385
256,176,167.146661
256,177,165.184845
256,178,165.184845
256,179,155.511037
256,180,166.750579
256,181,162.139964
256,182,162.514421
256,183,167.146661
256,184,159.566313
256,185,165.964019
